28
0.0,0.3,0.58,0.45,0.34,0.34,0.32,0.74,1.0,0.12,0.34,0.76,0.76,0.57,1.18,0.29,0.92,1.03,0.45,1.08,1.9,1.25,2.08,2.28,3.33,9.59908163265306,9.59908163265306,4.62
0.3,0.0,0.29,0.32,0.4,0.4,0.54,0.48,1.3,0.31,0.22,1.03,1.02,0.83,1.48,0.53,0.63,1.32,0.6,0.83,2.15,0.96,2.02,2.0,3.51,9.59908163265306,9.59908163265306,4.37
0.58,0.29,0.0,0.38,0.58,0.64,0.78,0.25,1.59,0.6,0.35,1.29,1.26,1.09,1.76,0.81,0.37,1.61,0.85,0.58,2.42,0.68,1.96,1.72,3.66,9.59908163265306,9.59908163265306,4.18
0.45,0.32,0.38,0.0,0.25,0.7,0.49,0.37,1.36,0.54,0.12,0.99,0.95,0.79,1.53,0.75,0.73,1.42,0.87,0.66,2.35,1.01,1.7,1.88,3.28,9.59908163265306,9.59908163265306,4.55
0.34,0.4,0.58,0.25,0.0,0.67,0.25,0.62,1.13,0.46,0.23,0.74,0.7,0.54,1.29,0.62,0.95,1.2,0.79,0.9,2.16,1.25,1.74,2.12,3.1,9.59908163265306,9.59908163265306,4.76
0.34,0.4,0.64,0.7,0.67,0.0,0.66,0.87,1.13,0.23,0.58,1.02,1.04,0.85,1.3,0.28,0.88,1.1,0.21,1.21,1.8,1.2,2.39,2.34,3.64,9.59908163265306,9.59908163265306,4.38
0.32,0.54,0.78,0.49,0.25,0.66,0.0,0.85,0.88,0.43,0.44,0.51,0.48,0.31,1.04,0.51,1.15,0.96,0.71,1.15,1.95,1.46,1.87,2.37,3.0,9.59908163265306,9.59908163265306,4.92
0.74,0.48,0.25,0.37,0.62,0.87,0.85,0.0,1.71,0.79,0.42,1.35,1.32,1.16,1.88,1.0,0.43,1.76,1.07,0.35,2.62,0.66,1.74,1.54,3.57,9.59908163265306,9.59908163265306,4.24
1.0,1.3,1.59,1.36,1.13,1.13,0.88,1.71,0.0,1.02,1.29,0.5,0.59,0.62,0.18,0.85,1.93,0.17,0.99,2.02,1.22,2.25,2.53,3.25,2.86,9.59908163265306,9.59908163265306,5.48
0.12,0.31,0.6,0.54,0.46,0.23,0.43,0.79,1.02,0.0,0.42,0.83,0.84,0.65,1.19,0.22,0.91,1.02,0.34,1.13,1.84,1.24,2.19,2.31,3.43,9.59908163265306,9.59908163265306,4.55
0.34,0.22,0.35,0.12,0.23,0.58,0.44,0.42,1.29,0.42,0.0,0.95,0.92,0.75,1.46,0.63,0.72,1.34,0.75,0.74,2.24,1.02,1.81,1.96,3.33,9.59908163265306,9.59908163265306,4.52
0.76,1.03,1.29,0.99,0.74,1.02,0.51,1.35,0.5,0.83,0.95,0.0,0.09,0.2,0.62,0.77,1.65,0.64,0.97,1.63,1.71,1.97,2.04,2.85,2.66,9.59908163265306,9.59908163265306,5.38
0.76,1.02,1.26,0.95,0.7,1.04,0.48,1.32,0.59,0.84,0.92,0.09,0.0,0.19,0.7,0.81,1.63,0.73,1.01,1.58,1.8,1.94,1.95,2.79,2.62,9.59908163265306,9.59908163265306,5.38
0.57,0.83,1.09,0.79,0.54,0.85,0.31,1.16,0.62,0.65,0.75,0.2,0.19,0.0,0.77,0.62,1.45,0.73,0.83,1.44,1.78,1.77,1.97,2.66,2.8,9.59908163265306,9.59908163265306,5.19
1.18,1.48,1.76,1.53,1.29,1.3,1.04,1.88,0.18,1.19,1.46,0.62,0.7,0.77,0.0,1.03,2.1,0.25,1.15,2.19,1.17,2.43,2.64,3.41,2.8,9.59908163265306,9.59908163265306,5.65
0.29,0.53,0.81,0.75,0.62,0.28,0.51,1.0,0.85,0.22,0.63,0.77,0.81,0.62,1.03,0.0,1.11,0.83,0.21,1.35,1.62,1.44,2.35,2.53,3.42,9.59908163265306,9.59908163265306,4.65
0.92,0.63,0.37,0.73,0.95,0.88,1.15,0.43,1.93,0.91,0.72,1.65,1.63,1.45,2.1,1.11,0.0,1.93,1.09,0.58,2.67,0.33,2.13,1.48,3.99,9.59908163265306,9.59908163265306,3.83
1.03,1.32,1.61,1.42,1.2,1.1,0.96,1.76,0.17,1.02,1.34,0.64,0.73,0.73,0.25,0.83,1.93,0.0,0.93,2.08,1.06,2.26,2.68,3.3,3.02,9.59908163265306,9.59908163265306,5.41
0.45,0.6,0.85,0.87,0.79,0.21,0.71,1.07,0.99,0.34,0.75,0.97,1.01,0.83,1.15,0.21,1.09,0.93,0.0,1.42,1.58,1.41,2.53,2.55,3.63,9.59908163265306,9.59908163265306,4.5
1.08,0.83,0.58,0.66,0.9,1.21,1.15,0.35,2.02,1.13,0.74,1.63,1.58,1.44,2.19,1.35,0.58,2.08,1.42,0.0,2.97,0.64,1.57,1.22,3.64,9.59908163265306,9.59908163265306,4.2
1.9,2.15,2.42,2.35,2.16,1.8,1.95,2.62,1.22,1.84,2.24,1.71,1.8,1.78,1.17,1.62,2.67,1.06,1.58,2.97,0.0,2.98,3.74,4.14,3.82,9.59908163265306,9.59908163265306,5.6
1.25,0.96,0.68,1.01,1.25,1.2,1.46,0.66,2.25,1.24,1.02,1.97,1.94,1.77,2.43,1.44,0.33,2.26,1.41,0.64,2.98,0.0,2.2,1.22,4.23,9.59908163265306,9.59908163265306,3.59
2.08,2.02,1.96,1.7,1.74,2.39,1.87,1.74,2.53,2.19,1.81,2.04,1.95,1.97,2.64,2.35,2.13,2.68,2.53,1.57,3.74,2.2,0.0,2.06,2.57,9.59908163265306,9.59908163265306,5.63
2.28,2.0,1.72,1.88,2.12,2.34,2.37,1.54,3.25,2.31,1.96,2.85,2.79,2.66,3.41,2.53,1.48,3.3,2.55,1.22,4.14,1.22,2.06,0.0,4.55,9.59908163265306,9.59908163265306,3.69
3.33,3.51,3.66,3.28,3.1,3.64,3.0,3.57,2.86,3.43,3.33,2.66,2.62,2.8,2.8,3.42,3.99,3.02,3.63,3.64,3.82,4.23,2.57,4.55,0.0,9.59908163265306,9.59908163265306,7.82
9.59908163265306,9.59908163265306,9.59908163265306,9.59908163265306,9.59908163265306,9.59908163265306,9.59908163265306,9.59908163265306,9.59908163265306,9.59908163265306,9.59908163265306,9.59908163265306,9.59908163265306,9.59908163265306,9.59908163265306,9.59908163265306,9.59908163265306,9.59908163265306,9.59908163265306,9.59908163265306,9.59908163265306,9.59908163265306,9.59908163265306,9.59908163265306,9.59908163265306,0.0,0.97,9.59908163265306
9.59908163265306,9.59908163265306,9.59908163265306,9.59908163265306,9.59908163265306,9.59908163265306,9.59908163265306,9.59908163265306,9.59908163265306,9.59908163265306,9.59908163265306,9.59908163265306,9.59908163265306,9.59908163265306,9.59908163265306,9.59908163265306,9.59908163265306,9.59908163265306,9.59908163265306,9.59908163265306,9.59908163265306,9.59908163265306,9.59908163265306,9.59908163265306,9.59908163265306,0.97,0.0,9.59908163265306
4.62,4.37,4.18,4.55,4.76,4.38,4.92,4.24,5.48,4.55,4.52,5.38,5.38,5.19,5.65,4.65,3.83,5.41,4.5,4.2,5.6,3.59,5.63,3.69,7.82,9.59908163265306,9.59908163265306,0.0
